0 0
75.8 78.2
16.4 10.9
87.5 51.4
24.6 40.1
15.8 26.7
39.6 45.8
18.7 42.8
21.6 53.9
14.2 69.1
30 78.1
52.4 17.7
70.7 61.1
14.8 81.4
31.6 17.1
10.9 40.4
33.3 41
25.1 71.8
31.3 28.9
49.8 81.7
37 49.9
41.2 49.2
88.1 53
84.3 10.2
28.5 74.2
26.6 70.6
27.6 82.6
25.1 13.5
40.4 83.8
42.5 20.8
56.7 21.4
47 27.5
16.5 85
44 55.2
36.4 81.4
63.6 33.4
44.1 49
45.6 62.3
44 66.4
26.6 23.6
81.7 84.1
80.9 81.9
72.8 64.5
52.9 79.8
62.4 24.7
42.5 79.6
82.9 51.9
78.3 23.6
85.3 53.4
83.1 23.5
78.2 24.4
68.6 59.3
71.3 59.8
68.9 86.2
84.4 84.1
67.5 85.6
41 47.3
16.6 84.1
54.3 41.4
75 21.4
16.1 84.4
48.5 21.6
16.4 84.5
64.3 17.4
66.4 19.7
35.7 59.1
58.9 23.1
73.3 74.1
65.5 40.8
77.6 20.7
65.1 31.4
71.5 32.1
82.2 62.9
71.3 47.2
72.5 53.8
68.1 67.6
68.4 59.5
72.3 78.2
66.9 76.8
80.6 61.9
36.6 34.9
87.4 23.3
86.8 25
53.1 92.5
77.1 26.1
87.5 52.5
77.9 42.9
75.7 79.8
78.3 79.1
62.3 40.2
62.2 40.9
67.6 48.5
32.4 66.2
36.1 92
49.3 11.1
61.8 40.7
87.4 91
11 22.1
75 78.8
59.9 21.3
79.2 32.3
73.9 23.6
8.5 90.9
91.8 71.3
91 36.2
90.6 13.1
81.5 44.7
77.2 76.4
78.8 27.7
61.2 81.5
49.4 79.2
52.4 59
69.8 61.4
84.1 52.1
55.2 27.7
26.3 62.9
34.1 56.1
40.7 26.1
76.8 77.3
76.6 70.7
25.1 44.6
19.2 49.9
12.6 49.3
24.9 60.9
23.9 65.3
28.9 23.2
36.2 22.4
27.7 56.4
26 25.6
22.3 23.4
16.3 81.2
19.2 77.1
25.3 73.1
83.2 24.8
54.8 13.8
14.1 85.9
21.3 69.2
46.4 83.7
44.1 81.4
64.5 34.1
61.7 16.1
75.7 71.5
80 67.1
82.6 51.3
64.1 61.6
58.6 49
70.2 32
69.5 24.8
40.8 47.7
68.7 86.1
83.8 27.7
86.4 26.7
77.1 31.6
76 46.7
75.5 74
76.5 68.1
75 65.6
75.8 75.5
20.1 85.9
78.3 47.3
14.2 75.6
25 18.9
15.2 20.7
15.8 52.5
19.8 30.1
26.6 16.4
16.8 29
21.3 30
32.5 16.1
47.2 81.6
27.3 43.9
20.5 40.8
12.8 54.5
21.3 40.9
15.3 53.2
26.8 39.7
34.4 29.4
28 33.9
26.6 51.7
39 44.1
39.1 71.1
32.4 73.3
30.1 82.4
40.2 78.8
50.5 23.3
42.6 23
52.4 17.3
22.1 9.7
23.5 37.8
18.2 38
39.9 40.6
13.3 73.9
22.4 68.5
35.7 78.1
39.5 24.5
41.2 68
45.4 31.5
49.4 79
47.8 60.9
52.5 49.1
58.2 19.8
51.4 54.6
82.7 27.1
77.4 16.4
69.6 84.6
72.3 59.2
62.1 20.4
53.7 77.8
43.3 69.3
57.9 32.2
43.4 31
50.6 38.5
54.8 70.8
43.6 61
45.4 68.4
44.1 77
55.2 75.9
73.8 17.6
56.2 51.1
47.9 47.5
71.2 58
43.0 39.2
23.7 78.2
36.1 79.0
75.6 60.5
44.4 23.7
89.2 24.4
68.7 85.9
70.4 59.3
27.9 27.6
19.7 19.0
48.3 80.3
83.1 53.8
15.4 85.0
61.2 21.3