0.0 0.0
16.4 10.9
22.1 9.7
25.1 13.5
26.6 16.4
25.0 18.9
26.6 23.6
26.0 25.6
27.9 27.6
31.3 28.9
34.4 29.4
36.6 34.9
39.9 40.6
43.0 39.2
39.0 44.1
39.6 45.8
41.0 47.3
40.8 47.7
41.2 49.2
44.1 49.0
47.9 47.5
52.5 49.1
56.2 51.1
58.6 49.0
54.3 41.4
50.6 38.5
45.4 31.5
43.4 31.0
47.0 27.5
44.4 23.7
42.6 23.0
42.5 20.8
39.5 24.5
40.7 26.1
36.2 22.4
31.6 17.1
32.5 16.1
28.9 23.2
22.3 23.4
19.7 19.0
15.2 20.7
11.0 22.1
15.8 26.7
16.8 29.0
19.8 30.1
21.3 30.0
28.0 33.9
26.8 39.7
24.6 40.1
23.5 37.8
21.3 40.9
20.5 40.8
18.7 42.8
18.2 38.0
10.9 40.4
12.6 49.3
15.8 52.5
15.3 53.2
12.8 54.5
19.2 49.9
21.6 53.9
26.6 51.7
27.7 56.4
24.9 60.9
26.3 62.9
23.9 65.3
22.4 68.5
21.3 69.2
25.1 71.8
25.3 73.1
26.6 70.6
28.5 74.2
32.4 73.3
30.0 78.1
30.1 82.4
27.6 82.6
23.7 78.2
19.2 77.1
16.3 81.2
14.8 81.4
16.6 84.1
16.4 84.5
16.1 84.4
16.5 85.0
15.4 85.0
14.1 85.9
20.1 85.9
14.2 75.6
13.3 73.9
14.2 69.1
32.4 66.2
35.7 59.1
34.1 56.1
37.0 49.9
44.0 55.2
43.6 61.0
45.6 62.3
47.8 60.9
52.4 59.0
51.4 54.6
44.0 66.4
45.4 68.4
43.3 69.3
41.2 68.0
39.1 71.1
44.1 77.0
42.5 79.6
44.1 81.4
47.2 81.6
48.3 80.3
49.4 79.2
49.4 79.0
49.8 81.7
52.9 79.8
53.7 77.8
55.2 75.9
54.8 70.8
61.2 81.5
66.9 76.8
72.3 78.2
75.0 78.8
75.8 78.2
76.8 77.3
77.2 76.4
75.8 75.5
75.5 74.0
73.3 74.1
75.7 71.5
76.6 70.7
76.5 68.1
75.0 65.6
72.8 64.5
70.7 61.1
69.8 61.4
70.4 59.3
71.3 59.8
72.3 59.2
71.2 58.0
68.6 59.3
68.4 59.5
64.1 61.6
68.1 67.6
75.6 60.5
80.6 61.9
82.2 62.9
80.0 67.1
78.3 79.1
75.7 79.8
80.9 81.9
81.7 84.1
84.4 84.1
87.4 91.0
69.6 84.6
68.7 85.9
68.7 86.1
68.9 86.2
67.5 85.6
53.1 92.5
46.4 83.7
40.4 83.8
36.4 81.4
36.1 79.0
35.7 78.1
40.2 78.8
36.1 92.0
8.5 90.9
25.1 44.6
27.3 43.9
33.3 41.0
48.5 21.6
50.5 23.3
52.4 17.7
52.4 17.3
54.8 13.8
49.3 11.1
58.2 19.8
56.7 21.4
58.9 23.1
59.9 21.3
61.2 21.3
62.1 20.4
64.3 17.4
61.7 16.1
66.4 19.7
69.5 24.8
73.9 23.6
75.0 21.4
77.6 20.7
78.3 23.6
78.2 24.4
77.1 26.1
78.8 27.7
82.7 27.1
83.8 27.7
86.4 26.7
86.8 25.0
87.4 23.3
89.2 24.4
83.2 24.8
83.1 23.5
77.4 16.4
73.8 17.6
84.3 10.2
90.6 13.1
79.2 32.3
77.1 31.6
71.5 32.1
70.2 32.0
65.1 31.4
63.6 33.4
64.5 34.1
62.3 40.2
62.2 40.9
61.8 40.7
65.5 40.8
67.6 48.5
71.3 47.2
76.0 46.7
78.3 47.3
81.5 44.7
77.9 42.9
82.6 51.3
82.9 51.9
84.1 52.1
85.3 53.4
83.1 53.8
87.5 52.5
88.1 53.0
87.5 51.4
72.5 53.8
91.0 36.2
62.4 24.7
55.2 27.7
57.9 32.2
91.8 71.3
